id	x1	x2	x3	x4	x5	x6	x7	x8	x9	x10	x11	x12	ofn1	ofn2	ofn3
1	0.09	0.152	0.654	0.413	0.875	0.588	0.271	0.383	0.158	5.23	26.3	-0.223	39.7	88.6	279
2	0.239	0.322	0.712	0.686	0.244	0.00205	0.222	0.371	0.335	8.4	27.8	-10.9	43	134	418
3	0.624	0.585	0.301	0.414	0.382	0.749	0.311	0.206	0.286	1.15	38.7	-2.17	48.4	207	696
4	0.0043	0.288	0.568	0.344	0.191	0.763	0.362	0.213	0.332	1.14	25.8	-9.74	47.9	133	406
5	0.308	0.151	0.711	0.0875	0.324	0.731	0.368	0.214	0.189	3.17	35.9	-8.13	42.2	128	313
6	0.218	0.369	0.551	0.482	0.61	0.578	0.287	0.349	0.202	2.26	0.838	1.61	48	11.4	555
7	0.784	0.222	0.0481	0.776	0.41	0.626	0.29	0.367	0.115	5.04	11.2	-2.24	47.2	45.6	575
8	0.75	0.531	0.198	0.618	0.446	0.327	0.278	0.238	0.374	6.49	32.7	1.72	48.4	188	708
9	0.785	0.639	0.242	0.103	0.859	0.732	0.339	0.208	0.116	5.1	1.72	0.89	53	59.5	966
10	0.339	0.568	0.296	0.118	0.084	0.0778	0.223	0.294	0.227	0.494	19.4	-1.33	42.9	66.1	460
11	0.404	0.571	0.409	0.15	0.216	0.0126	0.24	0.305	0.258	1.15	37.9	-5.34	43.2	146	510
12	0.197	0.00319	0.469	0.174	0.211	0.925	0.286	0.238	0.312	2.89	23.4	0.541	41.2	55.8	168
13	0.278	0.186	0.00412	0.0745	0.158	0.841	0.342	0.3	0.209	1.32	1.29	-11.8	44.5	-0.091	237
14	0.595	0.0504	0.205	0.127	0.883	0.114	0.227	0.372	0.255	2.97	22.8	-14.3	40.3	18.8	267
15	0.395	0.457	0.264	0.866	0.847	0.036	0.302	0.28	0.141	0.604	5.17	2.78	47.2	25	704
16	0.266	0.131	0.136	0.0324	0.397	0.113	0.381	0.217	0.382	9.1	35.9	0.000451	43.3	79	223
17	0.67	0.683	0.17	0.849	0.587	0.0972	0.268	0.321	0.206	3.3	17.7	-14.7	51.6	112	904
18	0.667	0.754	0.24	0.525	0.184	0.747	0.269	0.203	0.333	3.43	18.6	-7.3	52.7	123	761
19	0.168	0.011	0.226	0.966	0.54	0.915	0.231	0.351	0.206	9.32	15.1	-5.82	37.2	26.1	134
20	0.49	0.353	0.382	0.615	0.449	0.0367	0.246	0.275	0.287	5.34	3.1	-0.769	45	36.3	517
21	0.591	0.726	0.566	0.498	0.472	0.733	0.33	0.203	0.186	8.75	12.7	-1.01	57	180	976
22	0.203	0.141	0.598	0.931	0.911	0.178	0.396	0.366	0.151	5.15	24.9	-12.4	46.1	85.1	359
23	0.133	0.677	0.444	0.404	0.95	0.288	0.384	0.268	0.103	6.66	10.5	-2.81	54.7	134	911
24	0.187	0.358	0.661	0.553	0.198	0.193	0.375	0.276	0.262	4.29	27.4	-14.2	49.3	144	504
25	0.324	0.126	0.373	0.355	0.296	0.0798	0.379	0.399	0.328	2.53	25.9	-12.8	48.2	60.8	334
26	0.0349	0.185	0.301	0.804	0.0159	0.849	0.25	0.355	0.152	5.3	37.1	-1.9	36.6	70.4	166
27	0.563	0.752	0.123	0.64	0.209	0.894	0.276	0.224	0.389	5.2	15.9	-9.99	52.8	113	741
28	0.089	0.439	0.104	0.957	0.936	0.735	0.348	0.341	0.358	6.23	37.3	-11.7	48.7	189	535
29	0.57	0.0439	0.0985	0.848	0.0999	0.999	0.295	0.395	0.301	8.32	22.8	-11	45.6	50.5	362
30	0.755	0.0304	0.8	0.637	0.653	0.755	0.349	0.376	0.246	1.46	31.2	-7.18	51.5	96.5	538
31	0.391	0.401	0.25	0.0125	0.75	0.344	0.204	0.285	0.369	3.96	13.8	1.37	42.2	65.1	468
32	0.0937	0.679	0.225	0.299	0.977	0.474	0.204	0.384	0.184	3.25	34.8	-0.596	39.8	161	493
33	0.741	0.0165	0.461	0.517	0.154	0.751	0.274	0.281	0.396	1.42	35.1	-13.5	43.7	74.3	375
34	0.388	0.406	0.416	0.488	0.774	0.448	0.214	0.396	0.25	9.31	24.6	-0.981	42.3	154	575
35	0.614	0.0817	0.256	0.542	0.193	0.879	0.236	0.352	0.186	3.06	28.4	-4.97	39.8	34.6	344
36	0.0772	0.69	0.744	0.514	0.0633	0.151	0.365	0.359	0.299	7.85	31	-12.6	62.7	257	713
37	0.676	0.299	0.592	0.0394	0.545	0.0498	0.243	0.335	0.289	0.214	8.23	-0.521	49	27.5	552
38	0.0385	0.166	0.376	0.775	0.574	0.392	0.269	0.202	0.298	7.8	2.35	-1.51	41.4	17.4	249
39	0.347	0.647	0.507	0.0442	0.993	0.39	0.272	0.39	0.294	2.49	23.7	-10.3	49.8	155	741
40	0.297	0.154	0.33	0.591	0.171	0.457	0.203	0.386	0.112	8.73	12	-10.7	35.8	41.4	262
41	0.289	0.145	0.00266	0.953	0.861	0.323	0.223	0.378	0.188	6.86	11.8	-11.1	37.5	28.3	252
42	0.322	0.0363	0.434	0.404	0.902	0.0106	0.377	0.301	0.388	4.09	13.7	-7.79	48.8	34.5	261
43	0.171	0.573	0.491	0.202	0.707	0.895	0.363	0.342	0.193	7.54	20.2	-11.9	55.6	201	845
44	0.117	0.466	0.179	0.589	0.909	0.904	0.309	0.319	0.281	3.4	29.2	-2.29	47	155	562
45	0.714	0.227	0.615	0.486	0.316	0.783	0.249	0.248	0.314	3.56	25.6	-6.27	43.5	123	525
46	0.285	0.143	0.464	0.564	0.3	0.729	0.214	0.275	0.276	8.34	7.06	1.09	40.6	41.2	319
47	0.412	0.0546	0.0694	0.519	0.786	0.319	0.288	0.278	0.123	5.16	22.1	3.03	37.6	24.8	211
48	0.056	0.176	0.387	0.0705	0.923	0.159	0.266	0.319	0.394	5.72	23.8	-12.2	41.8	74.7	261
49	0.0986	0.675	0.411	0.899	0.644	0.892	0.311	0.362	0.204	8.61	12.6	-13.2	53.5	150	837
50	0.0347	0.264	0.74	0.00239	0.693	0.434	0.209	0.251	0.386	5.4	29.6	0.753	43.5	159	353
51	0.455	0.664	0.018	0.345	0.273	0.139	0.204	0.254	0.307	5.63	37	1.05	41.4	144	498
52	0.323	0.596	0.472	0.304	0.244	0.176	0.207	0.248	0.368	6.65	35.3	4.44	43	184	482
53	0.644	0.00863	0.151	0.173	0.969	0.396	0.235	0.23	0.178	2.34	9.27	-12.9	37.6	4.71	181
54	0.776	0.479	0.582	0.375	0.593	0.425	0.341	0.287	0.208	6.16	34.9	-13.9	51.8	241	826
55	0.673	0.552	0.521	0.662	0.077	0.339	0.219	0.221	0.149	4.52	29.4	-8.2	41	125	556
56	0.175	0.156	0.0625	0.257	0.869	0.156	0.375	0.394	0.284	4.27	32.1	-10.8	46	69.6	286
57	0.194	0.639	0.383	0.341	0.791	0.654	0.366	0.218	0.292	4.47	2.27	2.04	60	57.7	972
58	0.782	0.729	0.0437	0.711	0.163	0.516	0.267	0.309	0.283	2.55	38.6	2.16	54	166	801
59	0.43	0.506	0.54	0.962	0.713	0.472	0.371	0.286	0.215	1.48	13.9	1.7	55.1	109	895
60	0.497	0.34	0.749	0.982	0.512	0.655	0.238	0.222	0.107	3.91	2.8	-1.19	39.8	27.3	486
61	0.336	0.702	0.577	0.797	0.582	0.154	0.323	0.259	0.261	5.26	20.4	0.189	58.1	204	936
62	0.754	0.585	0.283	0.238	0.547	0.776	0.271	0.37	0.323	3.56	2.46	-4.21	56.5	36.7	883
63	0.419	0.501	0.755	0.3	0.85	0.57	0.273	0.391	0.343	5.12	24.2	-3.12	54.8	219	841
64	0.26	0.421	0.341	0.159	0.958	0.417	0.333	0.221	0.386	8.18	13.9	-6.97	48.5	116	606
65	0.421	0.106	0.397	0.128	0.555	0.873	0.269	0.264	0.277	8.2	23.2	-4.68	40.1	81.5	305
66	0.704	0.621	0.38	0.223	0.49	0.714	0.219	0.293	0.352	3.89	19.1	0.11	49.4	133	758
67	0.544	0.0226	0.145	0.448	0.258	0.752	0.205	0.212	0.38	6.37	8.06	-12.5	37.6	19.3	205
68	0.73	0.719	0.313	0.789	0.251	0.114	0.377	0.21	0.3	2.96	5	-12.7	62.9	55.9	953
69	0.242	0.484	0.681	0.654	0.603	0.952	0.309	0.29	0.336	4.69	27.3	-12.1	51.5	219	737
70	0.198	0.709	0.772	0.423	0.752	0.191	0.359	0.301	0.314	6.4	35.2	-6.8	64.8	375	995
71	0.766	0.782	0.722	0.121	0.246	0.462	0.237	0.319	0.297	9.24	26.4	-11	56.7	250	868
72	0.775	0.241	0.279	0.482	0.754	0.662	0.336	0.309	0.197	1.6	7.07	-1.85	49.1	26.4	632
73	0.72	0.0993	0.439	0.432	0.99	0.789	0.385	0.202	0.198	7.18	20.1	1.58	42.7	77.4	377
74	0.574	0.49	0.0707	0.907	0.0257	0.909	0.212	0.201	0.134	6.14	5.09	-3.87	37.7	41	429
75	0.456	0.147	0.551	0.571	0.809	0.17	0.391	0.347	0.372	9.06	37.8	-10.1	49.5	171	480
76	0.571	0.568	0.521	0.233	0.894	0.92	0.356	0.26	0.387	7.5	2.03	-2.86	62.1	83.3	1.03e+03
77	0.0926	0.237	0.631	0.000786	0.828	0.779	0.371	0.277	0.257	0.567	36.5	-6.71	46.5	176	426
78	0.762	0.502	0.333	0.124	0.538	0.972	0.397	0.393	0.163	6.25	32.1	3.52	57.8	237	908
79	0.0529	0.565	0.579	0.457	0.232	0.437	0.382	0.314	0.363	3.99	38.4	-7.06	57.7	266	638
80	0.163	0.147	0.442	0.149	0.267	0.454	0.239	0.376	0.242	6.93	31.5	-4.29	38.7	80	223
81	0.266	0.26	0.332	0.148	0.645	0.561	0.292	0.282	0.248	9.88	18.7	0.201	41.6	102	410
82	0.442	0.588	0.639	0.54	0.17	0.261	0.222	0.203	0.239	8.22	16.9	-12.7	42.7	120	567
83	0.209	0.0463	0.656	0.974	0.31	0.9	0.328	0.348	0.173	6.42	23.1	0.429	41.8	64.9	241
84	0.678	0.0971	0.739	0.845	0.138	0.0845	0.297	0.259	0.25	8.42	10.1	-12.7	45.6	64.1	446
85	0.463	0.129	0.436	0.701	0.905	0.967	0.359	0.342	0.395	0.247	9.04	-5.51	51.9	28.6	510
86	0.788	0.121	0.632	0.562	0.206	0.607	0.306	0.276	0.384	9.77	15.4	-4.08	51.8	118	573
87	0.397	0.164	0.319	0.457	0.721	0.317	0.3	0.386	0.253	6.77	26.7	-6.56	43.6	89.5	404
88	0.273	0.307	0.0801	0.318	0.901	0.471	0.389	0.389	0.228	2.1	3.68	1.48	51	19.3	532
89	0.0962	0.491	0.674	0.227	0.676	0.429	0.37	0.389	0.105	4.83	17.2	-8.34	52.5	135	723
90	0.416	0.017	0.775	0.237	0.889	0.207	0.225	0.307	0.305	9.19	28.5	-8.25	40.9	95.8	279
91	0.155	0.239	0.388	0.676	0.12	0.295	0.254	0.344	0.374	5.93	7.94	-1.17	45.4	37.9	335
92	0.217	0.683	0.601	0.111	0.00203	0.556	0.334	0.258	0.291	5.36	24.7	-4.76	57.3	203	720
93	0.578	0.0115	0.056	0.41	0.159	0.767	0.21	0.299	0.372	1.25	21	-11.5	38.8	-2.61	214
94	0.519	0.219	0.1	0.113	0.257	0.79	0.23	0.212	0.236	8.53	35.7	-2.23	35.6	76.8	265
95	0.694	0.00518	0.131	0.693	0.127	0.746	0.339	0.335	0.117	2.42	33.6	-14	43.3	13.6	334
96	0.1	0.792	0.327	0.464	0.685	0.0246	0.256	0.389	0.382	9.8	25.6	-11.7	52.5	239	786
97	0.718	0.0566	0.685	0.601	0.971	0.429	0.397	0.336	0.33	6.55	9.31	-13.3	55.4	64.3	555
98	0.523	0.436	0.395	0.724	0.52	0.112	0.224	0.299	0.292	6.74	6.59	2.8	45.5	67.5	616
99	0.44	0.698	0.771	0.474	0.849	0.648	0.257	0.267	0.29	3.87	3.58	-4.78	58.1	62.1	1e+03
100	0.398	0.253	0.755	0.00118	0.622	0.808	0.272	0.234	0.112	8.79	11.3	-0.259	39.2	74.5	430
101	0.124	0.759	0.371	0.873	0.191	0.529	0.248	0.369	0.185	9.72	14	4.37	49	133	640
102	0.748	0.247	0.0651	0.48	0.783	0.701	0.241	0.36	0.274	6.65	10.4	-5.04	46.4	58.5	547
103	0.204	0.589	0.405	0.179	0.458	0.347	0.327	0.284	0.393	5.62	15.1	-7.78	55.4	131	737
104	0.0151	0.722	0.587	0.84	0.0043	0.509	0.378	0.322	0.204	4.71	3.7	-3.9	63.9	54.1	760
105	0.216	0.133	0.718	0.444	0.502	0.402	0.207	0.37	0.229	1.84	26.2	-6.26	39	78.9	289
106	0.638	0.305	0.428	0.717	0.961	0.239	0.286	0.215	0.367	8.24	0.575	-1.56	46.7	49.2	577
107	0.256	0.128	0.118	0.44	0.824	0.846	0.202	0.348	0.223	8.44	15.3	-10.3	35.6	37.4	228
108	0.238	0.689	0.345	0.226	0.268	0.374	0.332	0.248	0.106	0.664	26.8	-5.05	51.1	150	683
109	0.38	0.314	0.726	0.733	0.743	0.969	0.246	0.281	0.241	6.7	26.1	4.96	42.6	160	552
110	0.251	0.102	0.156	0.714	0.751	0.411	0.24	0.246	0.197	9.73	16.7	-7.62	35.4	40.5	204
111	0.378	0.438	0.66	0.557	0.142	0.035	0.252	0.39	0.209	0.833	26.4	-1.49	45.7	99.9	530
112	0.346	0.378	0.489	0.0576	0.793	0.774	0.368	0.306	0.28	0.868	26.6	-3.83	51.9	166	679
113	0.497	0.153	0.549	0.127	0.903	0.401	0.395	0.256	0.355	5.54	24.8	-12.6	48.6	120	463
114	0.0954	0.257	0.0303	0.436	0.585	0.428	0.369	0.225	0.374	9.45	29.9	-3.6	44.3	110	337
115	0.654	0.636	0.319	0.433	0.000422	0.298	0.382	0.387	0.232	2.15	1.67	-8.51	62.9	19.2	910
116	0.282	0.495	0.4	0.748	0.162	0.595	0.37	0.284	0.118	0.42	23.5	-13.1	48.4	105	602
117	0.206	0.221	0.532	0.916	0.668	0.0196	0.224	0.338	0.161	7.91	28.1	-14.5	35.9	89.2	312
118	0.33	0.319	0.731	0.944	0.688	0.414	0.206	0.27	0.185	8.2	28.2	-5.44	37.6	140	442
119	0.115	0.631	0.0341	0.807	0.575	0.354	0.289	0.28	0.214	4.94	24.4	-7.4	47.2	150	642
120	0.488	0.628	0.696	0.0983	0.399	0.723	0.252	0.376	0.18	6.88	31	-8.02	48.5	223	724
121	0.157	0.482	0.242	0.814	0.534	0.693	0.399	0.335	0.164	2.29	37.8	-6.63	50.8	209	656
122	0.529	0.617	0.245	0.854	0.0948	0.413	0.282	0.233	0.357	7.81	7.97	-11.9	49.1	86	663
123	0.651	0.0124	0.206	0.321	0.908	0.269	0.302	0.354	0.37	8.97	2.76	2.73	49.4	38.2	313
124	0.445	0.152	0.0293	0.00876	0.577	0.458	0.229	0.379	0.319	7.03	39.8	1.83	39.1	60.2	270
125	0.497	0.357	0.445	0.168	0.167	0.98	0.385	0.349	0.287	1.13	37.7	3.58	49.9	157	552
126	0.682	0.617	0.66	0.124	0.215	0.839	0.255	0.337	0.124	6.02	16.4	1.91	48.8	125	731
127	0.528	0.157	0.688	0.285	0.243	0.32	0.216	0.239	0.239	7.29	6.14	-6.59	41	39.8	367
128	0.562	0.376	0.122	0.378	0.263	0.337	0.319	0.346	0.136	5.89	21.5	-10.7	46.3	93.6	555
129	0.369	0.595	0.177	0.545	0.797	0.834	0.251	0.216	0.153	8.55	17.3	-14.2	41.4	138	670
130	0.374	0.426	0.0358	0.968	0.162	0.716	0.319	0.213	0.388	5.96	34.9	-3.25	44.4	128	446
131	0.65	0.526	0.509	0.337	0.118	0.443	0.305	0.363	0.138	9.12	20.3	-8.15	50.9	156	715
132	0.304	0.214	0.652	0.211	0.0305	0.265	0.208	0.281	0.349	5.66	3.67	-3.72	44.3	25.4	359
133	0.182	0.705	0.00306	0.654	0.727	0.391	0.315	0.366	0.315	4.68	4.35	3.63	57.5	65.1	871
134	0.287	0.535	0.657	0.15	0.597	0.916	0.246	0.25	0.159	7.21	17.8	1.39	42.9	141	628
135	0.534	0.23	0.0208	0.247	0.671	0.944	0.266	0.211	0.166	0.996	31.9	4.17	36.2	54.8	327
136	0.0461	0.515	0.49	0.784	0.421	0.928	0.371	0.273	0.172	9.98	24.8	2.53	49	205	640
137	0.429	0.66	0.165	0.984	0.303	0.0741	0.352	0.259	0.36	6.28	30.8	-9.5	54.8	212	762
138	0.0675	0.418	0.233	0.473	0.381	0.29	0.29	0.234	0.251	7.58	27.2	-2.35	41.6	128	411
139	0.193	0.184	0.421	0.564	0.59	0.833	0.246	0.34	0.23	1.33	24.4	-8.7	39.2	70.3	317
140	0.196	0.28	0.22	0.861	0.602	0.88	0.271	0.24	0.233	6.73	22.6	-3.44	39.1	90.4	369
141	0.798	0.635	0.169	0.0456	0.719	0.227	0.224	0.204	0.367	6.6	15.8	-8.27	45.6	119	699
142	0.682	0.667	0.318	0.0362	0.414	0.264	0.288	0.235	0.112	4.79	18.6	-14.4	48.8	127	752
143	0.768	0.189	0.703	0.541	0.959	0.948	0.272	0.261	0.145	4.4	21.7	-7.52	42.2	87.8	523
144	0.258	0.575	0.202	0.501	0.145	0.664	0.384	0.217	0.226	6.98	19.9	-4.92	51.7	146	651
145	0.631	0.315	0.79	0.158	0.556	0.769	0.283	0.301	0.344	9.78	9.64	-0.213	55.8	123	736
146	0.132	0.448	0.164	0.566	0.232	0.679	0.384	0.255	0.274	9.68	39.4	-10.8	47.3	208	490
147	0.674	0.74	0.796	0.763	0.335	0.703	0.371	0.338	0.158	6.99	23.4	-4.06	68.4	266	1.14e+03
148	0.483	0.344	0.628	0.178	0.304	0.49	0.242	0.364	0.306	8.5	33.4	-13.8	43.1	172	498
149	0.64	0.776	0.407	0.248	0.088	0.151	0.31	0.385	0.228	3.48	2.53	-3.97	64.5	39.3	902
150	0.406	0.365	0.348	0.0883	0.336	0.697	0.313	0.304	0.3	2.2	2.66	-14.9	48.3	15.4	531
151	0.455	0.763	0.533	0.458	0.00831	0.175	0.29	0.351	0.384	6.12	9.84	-5.37	61.9	109	852
152	0.0708	0.301	0.23	0.746	0.29	0.0625	0.396	0.237	0.178	2.79	9.09	2.75	45.5	37.1	370
153	0.459	0.663	0.312	0.787	0.278	0.871	0.283	0.226	0.296	2.17	29	-5.07	49.4	169	718
154	0.355	0.128	0.553	0.325	0.515	0.248	0.247	0.245	0.102	2.4	4.03	1.77	36.8	11.2	245
155	0.794	0.302	0.69	0.989	0.212	0.909	0.223	0.398	0.358	9.85	30.1	-3.29	49.2	208	694
156	0.332	0.734	0.0943	0.0917	0.113	0.0301	0.303	0.211	0.1	3.04	19.6	-5.31	49.4	109	623
157	0.149	0.323	0.214	0.13	0.55	0.186	0.291	0.378	0.174	5.57	3.96	-14.1	43.3	27.3	391
158	0.573	0.295	0.561	0.0222	0.538	0.421	0.205	0.298	0.354	8.93	34.3	-9.24	40.1	158	447
159	0.0315	0.239	0.0158	0.709	0.128	0.0521	0.351	0.371	0.185	4.24	6.99	-1.1	45.1	18.4	232
160	0.717	0.0535	0.0791	0.666	0.0136	0.348	0.335	0.253	0.161	2.13	36.4	1.44	40.9	17.4	297
161	0.222	0.325	0.735	0.0897	0.229	0.765	0.322	0.246	0.243	5.32	4.85	-13	48.7	41	508
162	0.773	0.758	0.332	0.0178	0.932	0.784	0.235	0.216	0.345	1.29	22.6	4.85	50.6	163	848
163	0.441	0.743	0.542	0.16	0.742	0.0238	0.215	0.327	0.23	7.12	4.25	-9.29	48.5	76.4	809
164	0.152	0.344	0.172	0.893	0.584	0.691	0.243	0.301	0.169	1.55	30.1	0.371	37.8	86.1	353
165	0.439	0.12	0.597	0.371	0.761	0.484	0.38	0.302	0.26	6.48	8.47	-7.98	49.7	53.8	451
166	0.0421	0.182	0.44	0.662	0.185	0.431	0.27	0.337	0.164	2.07	15.6	-12.3	40.3	35.1	220
167	0.581	0.369	0.508	0.454	0.604	0.63	0.379	0.336	0.122	0.934	12.1	-2.11	51.9	58.3	744
168	0.0437	0.758	0.488	0.531	0.526	0.127	0.329	0.354	0.28	7.25	22.5	-0.508	61.4	233	867
169	0.432	0.171	0.271	0.802	0.614	0.474	0.323	0.286	0.251	1.22	34.5	-13.1	42	78.3	392
170	0.447	0.113	0.567	0.995	0.183	0.225	0.258	0.397	0.297	1.19	22.9	4.74	44.8	58.1	377
171	0.182	0.73	0.272	0.938	0.227	0.844	0.337	0.222	0.131	2.68	34.7	-13.7	52.8	213	691
172	0.552	0.225	0.752	0.521	0.978	0.127	0.234	0.315	0.268	3.64	6.43	0.453	46.4	39.2	525
173	0.0648	0.712	0.369	0.91	0.8	0.0575	0.251	0.318	0.192	7.39	26.9	-2.67	47	214	709
174	0.465	0.645	0.174	0.17	0.418	0.716	0.268	0.221	0.337	6.26	21.8	-6.13	47.9	149	668
175	0.0573	0.328	0.43	0.69	0.7	0.696	0.382	0.364	0.322	3.82	6.29	4.88	54.7	52.2	583
176	0.553	0.738	0.634	0.0383	0.513	0.508	0.377	0.251	0.35	8.82	10.6	-8.23	70.6	189	1.13e+03
177	0.325	0.104	0.537	0.117	0.122	0.658	0.36	0.272	0.277	1.29	20.7	-3.74	45.4	67.5	312
178	0.787	0.612	0.571	0.421	0.345	0.504	0.305	0.329	0.394	1.77	28	-5.87	60.2	197	948
179	0.56	0.262	0.178	0.669	0.0512	0.182	0.241	0.225	0.323	3.41	34.4	2.99	39.6	72.8	353
180	0.436	0.594	0.115	0.0857	0.785	0.382	0.214	0.3	0.321	6.34	21.8	-14.2	42.2	120	596
181	0.395	0.455	0.00196	0.339	0.152	0.61	0.307	0.305	0.264	7.67	3.85	-9.02	47.6	50.7	492
182	0.434	0.266	0.73	0.371	0.116	0.488	0.272	0.201	0.358	1.04	15.8	-13.5	45.8	80.2	469
183	0.555	0.057	0.0286	0.46	0.954	0.165	0.281	0.314	0.372	6.11	36.2	4.67	42.9	37.2	269
184	0.536	0.509	0.616	0.512	0.541	0.531	0.203	0.391	0.398	8.53	12.9	-8.3	50.1	134	765
185	0.043	0.231	0.516	0.421	0.897	0.638	0.389	0.29	0.348	9.79	21.9	2.41	50.3	145	458
186	0.158	0.204	0.527	0.224	0.375	0.519	0.248	0.318	0.205	8.62	15.8	-3.02	40.1	69.4	307
187	0.225	0.706	0.547	0.77	0.586	0.462	0.342	0.282	0.118	1.78	36.1	-1.6	54.1	265	850
188	0.751	0.582	0.459	0.156	0.207	0.526	0.363	0.356	0.103	7.93	23.8	-3.76	57.6	190	832
189	0.672	0.0254	0.157	0.108	0.835	0.455	0.386	0.326	0.135	9.62	5	-14	46.6	36.3	264
190	0.169	0.723	0.273	0.122	0.609	0.501	0.243	0.35	0.338	4.39	1.54	-14.4	50.3	31	718
191	0.291	0.0943	0.719	0.696	0.412	0.908	0.391	0.229	0.362	2.14	1.93	-5.1	54.3	12.8	431
192	0.723	0.627	0.748	0.535	0.989	0.411	0.312	0.226	0.156	9.25	32.1	-7.16	48.8	282	856
193	0.462	0.263	0.501	0.192	0.842	0.433	0.295	0.317	0.203	8.71	7.17	-9.23	44.9	70.3	524
194	0.129	0.657	0.205	0.584	0.973	0.949	0.268	0.25	0.307	1.72	39.6	3.99	44.7	218	595
195	0.434	0.505	0.619	0.93	0.775	0.957	0.35	0.255	0.139	8.5	2.89	-0.731	50.6	88.1	861
196	0.0758	0.751	0.539	0.134	0.438	0.105	0.386	0.311	0.116	0.118	11.2	-4.25	63.6	84.5	905
197	0.23	0.768	0.0689	0.328	0.485	0.633	0.3	0.385	0.254	8.55	2.67	-1.76	57.5	84.6	835
198	0.555	0.0398	0.214	0.136	0.314	0.144	0.328	0.273	0.111	1.05	8.69	-0.802	40.5	3.64	197
199	0.733	0.0215	0.0618	0.875	0.383	0.37	0.353	0.274	0.176	4.72	4.77	-8.77	46.4	18.3	305
200	0.216	0.0479	0.0939	0.523	0.817	0.577	0.204	0.394	0.295	9.96	38	-1.86	36.4	41.4	155
201	0.371	0.337	0.461	0.613	0.0173	0.372	0.211	0.388	0.332	3.67	22.2	0.787	43.9	87.3	451
202	0.363	0.313	0.249	0.427	0.851	0.419	0.279	0.363	0.139	7.83	23.7	-4.71	41.3	113	494
203	0.0995	0.739	0.298	0.975	0.0908	0.209	0.214	0.331	0.281	6.07	35.7	-10.2	43.4	161	451
204	0.233	0.174	0.471	0.291	0.0449	0.243	0.371	0.365	0.142	5.85	27.7	0.707	43	74.9	292
205	0.521	0.669	0.241	0.788	0.0981	0.195	0.3	0.327	0.162	1.71	16.6	-4.03	52.5	83.3	759
206	0.218	0.00893	0.106	0.726	0.965	0.867	0.323	0.273	0.366	2.35	10.7	-3.02	44.2	7.48	129
207	0.319	0.622	0.457	0.441	0.685	0.576	0.357	0.259	0.298	5.85	0.79	-9.78	58.7	52.7	950
208	0.731	0.383	0.596	0.768	0.974	0.13	0.222	0.396	0.226	6.87	17.4	-10.9	47	111	737
209	0.63	0.109	0.497	0.882	0.727	0.719	0.247	0.336	0.152	0.749	34.5	-3.27	39.7	56	424
210	0.671	0.286	0.502	0.091	0.132	0.0288	0.205	0.343	0.329	1.59	23.5	-10.3	41.9	61.4	439
211	0.437	0.781	0.78	0.037	0.636	0.831	0.344	0.38	0.291	8.07	9.72	-1.78	74.3	190	1.24e+03
212	0.446	0.149	0.763	0.229	0.108	0.314	0.318	0.297	0.344	1.9	6.25	-14.2	50.5	26.9	438
213	0.361	0.175	0.233	0.412	0.0679	0.788	0.234	0.331	0.382	0.614	6.69	4.43	44	12.8	325
214	0.164	0.527	0.453	0.415	0.148	0.473	0.38	0.267	0.261	3.12	32.9	4.69	51.3	191	574
215	0.466	0.672	0.0553	0.16	0.322	0.525	0.224	0.395	0.174	2	3.34	-5.66	46.9	17.9	615
216	0.53	0.31	0.323	0.855	0.948	0.609	0.309	0.245	0.304	3.55	16.8	-9.2	45.5	85.4	587
217	0.596	0.414	0.382	0.565	0.827	0.217	0.231	0.2	0.156	0.407	24.3	4.37	37.8	88.1	544
218	0.149	0.00544	0.475	0.23	0.564	0.194	0.23	0.233	0.236	3.3	3.92	3.57	38.5	7.62	124
219	0.0275	0.787	0.743	0.998	0.573	0.00959	0.274	0.323	0.245	6.86	25.3	-13.8	55.9	230	787
220	0.328	0.224	0.193	0.153	0.534	0.698	0.328	0.308	0.146	0.323	20.2	-7.31	41.9	46.2	363
221	0.59	0.0426	0.16	0.586	0.0408	0.67	0.239	0.237	0.208	4.18	1.49	-6.61	39	11.1	238
222	0.425	0.624	0.681	0.852	0.358	0.0121	0.34	0.399	0.282	0.843	28.9	-2.84	59.9	192	891
223	0.296	0.331	0.475	0.544	0.283	0.147	0.314	0.298	0.245	4.7	35.6	2.79	44.2	142	436
224	0.549	0.498	0.547	0.302	0.667	0.606	0.326	0.236	0.309	7.59	35.5	-11.5	50	278	761
225	0.345	0.00997	0.506	0.728	0.279	0.614	0.272	0.266	0.244	5.64	23.4	2.91	40.1	56.2	233
226	0.143	0.348	0.482	0.18	0.225	0.106	0.232	0.382	0.391	0.343	3.38	-9.4	46.8	6.32	374
227	0.0912	0.579	0.414	0.147	0.354	0.0112	0.372	0.273	0.156	4.61	34.3	-8.49	51.4	214	623
228	0.274	0.431	0.00771	0.837	0.67	0.202	0.224	0.333	0.365	3.72	28.3	-12.4	41.1	79.6	440
229	0.72	0.0721	0.0123	0.756	0.765	0.381	0.226	0.328	0.21	1.27	36.1	-13.8	39.9	-0.618	371
230	0.645	0.253	0.227	0.857	0.678	0.533	0.31	0.265	0.104	2.26	31.7	1.87	40.9	85.3	520
231	0.449	0.63	0.145	0.0799	0.462	0.737	0.385	0.261	0.114	5.33	22.6	-11.9	54.5	179	838
232	0.123	0.643	0.314	0.107	0.485	0.427	0.355	0.339	0.356	1.07	9.41	-2.97	62.1	71.3	832
233	0.647	0.735	0.776	0.811	0.419	0.699	0.225	0.293	0.188	6.1	12.8	-2.4	52.7	138	913
234	0.228	0.306	0.786	0.876	0.492	0.615	0.239	0.375	0.318	4.88	36.8	-11.4	43.6	188	456
235	0.656	0.494	0.0918	0.754	0.714	0.798	0.348	0.232	0.378	1.52	10.7	4.49	54.2	68.1	834
236	0.414	0.0858	0.48	0.966	0.807	0.672	0.231	0.321	0.124	2.62	28.2	-0.963	35.5	47.9	291
237	0.709	0.742	0.447	0.947	0.146	0.463	0.222	0.307	0.152	4.59	37	-0.0974	46.7	186	723
238	0.214	0.447	0.364	0.0351	0.194	0.105	0.326	0.261	0.11	7.83	0.065	-6.51	44.6	33.8	464
239	0.764	0.28	0.321	0.764	0.481	0.824	0.358	0.379	0.301	2.86	2.97	-13.2	56.9	24.5	780
240	0.082	0.105	0.798	0.824	0.334	0.796	0.378	0.374	0.278	9.33	9.34	-12.3	52.8	63.7	381
241	0.619	0.208	0.349	0.391	0.976	0.811	0.219	0.214	0.169	9.66	20.8	-1.13	35.9	86.1	370
242	0.396	0.359	0.161	0.615	0.517	0.0809	0.391	0.245	0.253	3.52	36.8	-3.36	46.9	159	554
243	0.622	0.244	0.0762	0.545	0.799	0.965	0.39	0.28	0.228	4.88	19.8	3.76	47.7	87.1	567
244	0.561	0.528	0.481	0.902	0.65	0.726	0.329	0.279	0.366	4.35	27.5	-9.17	55.2	227	906
245	0.652	0.0202	0.102	0.777	0.238	0.581	0.399	0.357	0.316	8.19	17.6	2.37	51.6	51.2	371
246	0.298	0.0388	0.189	0.587	0.252	0.945	0.241	0.213	0.137	5.28	8.42	-12	35	11.9	138
247	0.455	0.421	0.0266	0.72	0.548	0.734	0.247	0.231	0.29	7.5	27.6	-7.03	40.4	116	492
248	0.262	0.7	0.0198	0.682	0.584	0.851	0.395	0.399	0.199	9.04	27.7	0.613	61.2	290	982
249	0.353	0.411	0.564	0.986	0.736	0.634	0.397	0.277	0.37	5.95	22.5	-11.1	56.6	206	827
250	0.539	0.00164	0.238	0.534	0.931	0.929	0.274	0.375	0.24	0.533	4.76	-14.8	44.3	-4.37	286
251	0.35	0.734	0.493	0.344	0.0909	0.63	0.263	0.288	0.176	9.05	30	-5.65	49.2	214	648
252	0.411	0.116	0.265	0.0315	0.37	0.464	0.263	0.216	0.225	1.43	29.7	3.57	36.5	45.9	212
253	0.145	0.0384	0.103	0.672	0.819	0.0635	0.308	0.39	0.254	2.91	28.5	-10.5	41.1	16.7	134
254	0.77	0.124	0.00683	0.499	0.0565	0.178	0.252	0.347	0.192	4.2	22.2	-7.67	43.8	22.2	386
255	0.00949	0.18	0.173	0.661	0.548	0.464	0.363	0.334	0.319	5.83	39.3	-14.9	43.8	100	235
256	0.573	0.313	0.613	0.977	0.851	0.704	0.342	0.393	0.399	9.51	11.3	-0.86	59.4	153	863
257	0.659	0.474	0.769	0.422	0.813	0.532	0.37	0.302	0.346	5.47	0.409	4.97	65.5	54.4	1.06e+03
258	0.209	0.672	0.0961	0.357	0.893	0.065	0.296	0.361	0.273	5.8	30	-14	50.1	203	750
259	0.32	0.476	0.0825	0.856	0.0732	0.177	0.302	0.204	0.267	3.92	1.04	-0.842	45.2	21.1	461
260	0.165	0.646	0.432	0.399	0.19	0.799	0.334	0.391	0.189	6.78	1.85	4.55	55.2	52.5	719
261	0.337	0.683	0.44	0.674	0.178	0.146	0.289	0.396	0.309	0.326	39.7	-2.38	53.1	196	690
262	0.619	0.346	0.411	0.102	0.504	0.991	0.285	0.322	0.173	8.98	25.9	-2.82	43.6	146	559
263	0.185	0.756	0.485	0.969	0.677	0.446	0.359	0.235	0.112	4.51	35.3	-7.22	57.7	315	925
264	0.151	0.02	0.789	0.89	0.704	0.496	0.258	0.324	0.179	9.91	13.2	4.82	40.5	50	219
265	0.11	0.724	0.63	0.896	0.863	0.342	0.263	0.328	0.139	5.84	33.2	1.68	48	263	751
266	0.3	0.17	0.372	0.375	0.945	0.551	0.219	0.246	0.244	0.353	30.3	-4.33	35.8	66.7	269
267	0.0159	0.373	0.448	0.595	0.629	0.744	0.254	0.395	0.154	6.36	16.2	3.6	41.4	87.1	416
268	0.183	0.452	0.714	0.752	0.0528	0.084	0.245	0.213	0.301	5.43	22.1	-11.8	43.6	117	447
269	0.0761	0.709	0.795	0.31	0.491	0.924	0.283	0.208	0.262	5.38	15.7	-6.16	56.2	168	827
270	0.79	0.652	0.485	0.36	0.0498	0.476	0.296	0.315	0.106	0.177	19	-8.52	53.8	79.6	790
271	0.0971	0.148	0.685	0.598	0.00276	0.711	0.374	0.228	0.166	4.47	1.66	1	44.8	12.5	279
272	0.417	0.16	0.519	0.523	0.104	0.44	0.38	0.31	0.244	0.881	36	-7.94	45.5	97.9	382
273	0.725	0.174	0.0113	0.368	0.402	0.138	0.332	0.362	0.215	3.32	18	-4.79	48.6	33.4	451
274	0.235	0.715	0.2	0.135	0.0898	0.595	0.242	0.352	0.341	9.94	35.2	3.26	47.4	210	538
275	0.437	0.196	0.462	0.293	0.802	0.378	0.256	0.356	0.355	5.32	8.92	-14.1	45	48.7	469
276	0.57	0.402	0.111	0.268	0.467	0.0404	0.361	0.359	0.162	4.81	35.8	-1.28	48.5	160	637
277	0.146	0.675	0.107	0.818	0.619	0.513	0.27	0.37	0.361	8.86	15.6	-0.12	51.4	152	731
278	0.00257	0.579	0.663	0.695	0.408	0.173	0.215	0.229	0.118	8.86	10.3	-6.9	40.5	77.4	460
279	0.347	0.292	0.766	0.358	0.181	0.859	0.241	0.33	0.217	5.81	26.5	-2.56	42.6	135	450
280	0.598	0.296	0.158	0.556	0.877	0.692	0.253	0.397	0.267	2.41	24.8	1.55	45.7	74.2	584
281	0.781	0.615	0.0442	0.0251	0.792	0.963	0.261	0.205	0.325	7.62	13.5	-6.88	47.8	123	748
282	0.717	0.533	0.425	0.358	0.554	0.0552	0.399	0.232	0.233	0.196	37.9	-6.54	54.3	226	845
283	0.236	0.0238	0.792	0.292	0.599	0.663	0.303	0.268	0.26	6.02	32.8	-12.1	42.1	113	245
284	0.152	0.206	0.337	0.476	0.606	0.308	0.243	0.371	0.395	1.56	27.1	2.9	42	78.3	305
285	0.272	0.349	0.32	0.272	0.3	0.0867	0.258	0.355	0.168	7	37.6	-14.4	38.9	121	367
286	0.426	0.0429	0.357	0.502	0.367	0.856	0.336	0.327	0.335	3.7	10.2	-5.13	48.1	31	326
287	0.501	0.56	0.202	0.571	0.276	0.12	0.374	0.246	0.371	2.66	27.1	-1.23	54.3	158	748
288	0.684	0.578	0.476	0.617	0.498	0.471	0.353	0.373	0.187	8.9	37.2	-10.6	58.2	307	949
289	0.352	0.0997	0.594	0.925	0.669	0.579	0.364	0.344	0.31	1.85	5.74	-7.05	51.6	24.1	445
290	0.305	0.549	0.212	0.618	0.496	0.0489	0.278	0.216	0.377	2.53	28.7	-13.6	45	133	584
291	0.648	0.0605	0.325	0.0646	0.441	0.486	0.227	0.363	0.131	7.06	7.38	-7.51	40.3	29.9	297
292	0.665	0.51	0.695	0.859	0.871	0.468	0.274	0.348	0.241	3.57	31.6	-12.3	50.8	206	878
293	0.509	0.177	0.08	0.965	0.134	0.128	0.354	0.206	0.175	8.17	7.36	0.816	41.2	42.3	311
294	0.384	0.248	0.419	0.952	0.769	0.722	0.383	0.388	0.195	9.56	24.5	-14.6	48.4	158	597
295	0.0631	0.407	0.483	0.791	0.332	0.276	0.288	0.242	0.361	6.27	30.5	-7.85	44.5	157	435
296	0.623	0.482	0.21	0.513	0.396	0.695	0.262	0.361	0.238	6.84	9.54	-14.8	47.5	80.6	686
297	0.277	0.282	0.675	0.62	0.116	0.236	0.297	0.24	0.257	8.43	39.4	-7.27	41.3	159	366
298	0.0388	0.234	0.139	0.252	0.618	0.383	0.394	0.242	0.375	9.09	12.5	-11.2	47.2	62.1	343
299	0.126	0.348	0.621	0.49	0.189	0.254	0.365	0.329	0.259	9.97	16.5	-10	50.7	116	485
300	0.759	0.419	0.398	0.864	0.286	0.594	0.217	0.384	0.315	7.33	0.557	-11.7	49.2	56.4	743
301	0.457	0.164	0.68	0.737	0.359	0.159	0.29	0.262	0.265	2.23	25.5	-2.71	43.4	84.5	397
302	0.658	0.396	0.521	0.0762	0.48	0.646	0.231	0.222	0.33	8.27	29.9	-6.45	42.3	178	538
303	0.229	0.11	0.587	0.88	0.398	0.7	0.291	0.252	0.218	8.21	25.8	1.26	40.2	94.2	288
304	0.00569	0.65	0.532	0.895	0.0221	0.0687	0.362	0.391	0.111	4.78	20	-12.4	55.9	127	601
305	0.71	0.301	0.555	0.988	0.13	0.617	0.264	0.307	0.387	8.04	36.7	2.42	47.1	193	564
306	0.00654	0.478	0.282	0.543	0.21	0.878	0.347	0.262	0.307	2.3	30.2	2.58	48.9	151	474
307	0.602	0.0851	0.15	0.452	0.368	0.145	0.367	0.266	0.121	1.94	7.68	-6.04	43.6	9.71	293
308	0.109	0.564	0.479	0.294	0.0951	0.55	0.3	0.35	0.121	4.07	17.9	-5.57	47.2	98.4	519
309	0.579	0.656	0.0545	0.984	0.771	0.141	0.357	0.33	0.219	3.87	32.2	1.88	58.3	251	1.02e+03
310	0.525	0.409	0.0523	0.417	0.425	0.45	0.315	0.258	0.347	1.83	15.1	-8.11	47.5	53.5	547
311	0.458	0.103	0.518	0.518	0.163	0.384	0.336	0.333	0.263	1.58	12.6	3.52	46.7	34.5	381
312	0.53	0.652	0.274	0.892	0.466	0.0761	0.368	0.282	0.158	7.96	27.3	-6.24	56.1	245	918
313	0.641	0.173	0.689	0.928	0.691	0.33	0.335	0.33	0.333	0.143	37.4	-8.33	49	131	565
314	0.521	0.284	0.77	0.749	0.391	0.213	0.337	0.23	0.36	6.04	18.2	-3.92	52.4	129	617
315	0.735	0.166	0.063	0.789	0.0423	0.544	0.251	0.229	0.126	4.86	2.71	-3.2	40.5	23.3	344
316	0.541	0.233	0.627	0.769	0.166	0.272	0.237	0.378	0.343	2.69	27.4	-4.46	45.9	98.4	530
317	0.191	0.33	0.778	0.971	0.935	0.0268	0.28	0.248	0.24	4	18.5	-1.99	45.2	106	496
318	0.601	0.536	0.788	0.526	0.891	0.972	0.297	0.393	0.235	1.88	25	-8.41	55.4	183	961
319	0.634	0.319	0.0657	0.184	0.241	0.419	0.349	0.347	0.328	1.64	23.3	-12.1	49.4	58.5	513
320	0.692	0.764	0.182	0.684	0.275	0.536	0.25	0.253	0.37	1.79	8.12	-8.93	54.4	48.7	807
321	0.253	0.416	0.13	0.218	0.465	0.59	0.273	0.313	0.22	1.35	7.13	-6.52	44.1	25	457
322	0.000331	0.621	0.292	0.396	0.681	0.21	0.302	0.201	0.27	4.89	14	-10.8	49	113	692
323	0.0368	0.015	0.197	0.161	0.484	0.76	0.262	0.356	0.259	3.95	7.9	-4.09	41.1	6.06	81.9
324	0.477	0.112	0.783	0.232	0.261	0.22	0.267	0.342	0.4	7.8	11.2	-11.2	50.1	69.7	448
325	0.143	0.517	0.721	0.823	0.996	0.545	0.283	0.277	0.376	7.92	38.1	0.489	49.7	290	602
326	0.763	0.514	0.267	0.32	0.736	0.568	0.236	0.254	0.12	1.01	9.12	2.46	42.6	40.5	684
327	0.663	0.628	0.229	0.189	0.683	0.101	0.394	0.306	0.237	9.61	19.4	-13.4	61.1	237	1.05e+03
328	0.671	0.364	0.326	0.0167	0.567	0.665	0.239	0.279	0.232	6.81	21.3	-7.57	41.8	110	534
329	0.0598	0.471	0.623	0.681	0.487	0.623	0.298	0.236	0.326	4.76	0.522	0.273	55.5	23.8	646
330	0.0497	0.393	0.542	0.169	0.578	0.48	0.353	0.21	0.177	8.4	26.2	-5.99	44.9	171	521
331	0.646	0.0518	0.256	0.439	0.829	0.361	0.215	0.246	0.197	2.28	9.7	-11	37.4	11.7	270
332	0.212	0.737	0.29	0.819	0.937	0.527	0.227	0.258	0.281	0.301	11.5	0.306	48	70.3	726
333	0.00159	0.425	0.759	0.53	0.546	0.544	0.333	0.221	0.345	3.97	15	-9.43	54.9	126	645
334	0.655	0.798	0.03	0.559	0.483	0.407	0.353	0.33	0.347	3.05	19	3.21	68.7	162	1.11e+03
335	0.7	0.074	0.691	0.354	0.00522	0.6	0.317	0.278	0.184	1.16	33.7	-3.53	42.7	73.9	363
336	0.238	0.0805	0.503	0.262	0.4	0.482	0.292	0.243	0.21	6.22	23.3	-5.86	39.5	60.8	220
337	0.147	0.387	0.339	0.847	0.175	0.0298	0.257	0.26	0.334	0.339	4.17	4.12	44.3	13.5	378
338	0.564	0.179	0.0842	0.85	0.213	0.133	0.314	0.377	0.239	9.62	4.59	-0.306	47.9	63.9	453
339	0.695	0.707	0.148	0.447	0.079	0.123	0.216	0.368	0.314	3.8	27	-15	48	99.3	669
340	0.317	0.658	0.326	0.527	0.935	0.899	0.226	0.207	0.199	9.84	7.29	1.07	42.4	100	667
341	0.181	0.141	0.671	0.0838	0.36	0.0745	0.394	0.206	0.22	8.91	0.992	-6.22	45.7	20.3	287
342	0.729	0.127	0.389	0.519	0.983	0.829	0.263	0.271	0.394	7.64	19.1	4.57	46.4	97.2	481
343	0.572	0.096	0.514	0.745	0.69	0.221	0.22	0.384	0.19	1.89	34.6	-11.6	40	46	400
344	0.373	0.483	0.399	0.428	0.695	0.427	0.379	0.328	0.151	6.63	16.2	0.563	51.7	150	815
345	0.491	0.261	0.102	0.974	0.00598	0.807	0.37	0.297	0.263	9.57	9.49	-0.387	47.8	71.9	444
346	0.754	0.61	0.501	0.825	0.974	0.301	0.317	0.217	0.249	5.81	14.7	1.64	52.6	152	931
347	0.179	0.515	0.402	0.515	0.185	0.645	0.289	0.323	0.262	8.39	36.3	-8.89	45.4	201	506
348	0.0842	0.488	0.045	0.958	0.287	0.953	0.346	0.304	0.291	6.08	30.5	-2.41	48.6	147	489
349	0.576	0.197	0.277	0.609	0.652	0.958	0.207	0.284	0.318	5.5	20.4	-6.42	39.6	69.4	422
350	0.377	0.0799	0.574	0.868	0.192	0.0339	0.235	0.292	0.114	9.68	24.7	-2.32	35.5	58.1	249
351	0.54	0.351	0.236	0.449	0.576	0.67	0.282	0.243	0.319	9.74	30.4	-3.68	42.8	163	531
352	0.0941	0.0348	0.589	0.229	0.97	0.347	0.336	0.272	0.38	8.89	5.61	-12.4	48.1	21.3	223
353	0.589	0.645	0.645	0.92	0.357	0.29	0.376	0.232	0.206	6.63	22.9	2.63	57.9	224	924
354	0.691	0.728	0.699	0.374	0.0765	0.805	0.311	0.325	0.165	4.73	21.4	-14.8	58.7	174	915
355	0.627	0.495	0.768	0.995	0.755	0.869	0.292	0.351	0.231	5.06	18.4	-2.69	54.6	175	941
356	0.739	0.199	0.397	0.688	0.344	0.31	0.308	0.303	0.305	9.72	4.38	2.97	50.5	75	565
357	0.271	0.197	0.311	0.263	0.637	0.183	0.298	0.356	0.115	8.73	29.4	0.0785	38.8	93.6	329
358	0.283	0.311	0.00974	0.532	0.294	0.27	0.23	0.27	0.142	3.73	27.4	-10.1	35.5	55.7	299
359	0.739	0.736	0.385	0.0207	0.229	0.517	0.255	0.271	0.125	7.29	26.6	-5.14	49.8	184	732
360	0.385	0.681	0.704	0.796	0.972	0.0254	0.225	0.206	0.339	0.483	28.6	-0.783	46.8	182	708
361	0.723	0.199	0.633	0.56	0.896	0.458	0.248	0.361	0.179	6.14	38.7	-0.819	43.3	133	550
362	0.205	0.351	0.78	0.194	0.591	0.493	0.255	0.224	0.226	2.8	1.51	-9.07	45.7	14.6	504
363	0.237	0.177	0.124	0.758	0.251	0.387	0.248	0.369	0.132	0.173	35.3	-5.01	36.7	35.5	241
364	0.234	0.601	0.526	0.731	0.33	0.316	0.293	0.4	0.243	7.6	2.61	0.519	54.3	66.8	734
365	0.168	0.276	0.603	0.0418	0.942	0.343	0.339	0.325	0.275	9.76	11.6	-3.16	49.2	95.2	493
366	0.101	0.526	0.543	0.484	0.411	0.0439	0.202	0.32	0.199	8.95	26.1	-11.5	38.8	134	430
367	0.128	0.562	0.515	0.836	0.575	0.757	0.205	0.22	0.391	4.93	4.12	4.28	48.6	49	611
368	0.767	0.278	0.321	0.572	0.362	0.977	0.377	0.222	0.212	2.82	29.3	-7.43	46.3	109	559
369	0.309	0.182	0.723	0.213	0.449	0.359	0.345	0.31	0.107	8.32	29.2	-13.8	41.8	107	351
370	0.175	0.279	0.389	0.728	0.811	0.66	0.332	0.209	0.308	0.788	6.07	-3.86	46.7	29.5	476
371	0.539	0.754	0.648	0.933	0.927	0.168	0.364	0.215	0.339	9.4	0.739	4.19	68.1	112	1.19e+03
372	0.126	0.615	0.188	0.865	0.924	0.0673	0.229	0.35	0.153	6.53	16.4	-8.55	41.3	105	574
373	0.173	0.623	0.393	0.243	0.238	0.0883	0.222	0.23	0.302	0.64	0.328	4.16	46	2.86	497
374	0.75	0.654	0.552	0.611	0.712	0.89	0.31	0.388	0.191	6.6	4.53	-11.5	61.6	101	1.15e+03
375	0.467	0.473	0.484	0.026	0.709	0.0509	0.312	0.374	0.303	4.98	3.32	2.96	54.8	52.9	779
376	0.779	0.318	0.743	0.198	0.14	0.225	0.351	0.398	0.352	7.2	25.2	-14.3	57.6	169	726
377	0.688	0.241	0.544	0.945	0.703	0.832	0.38	0.376	0.271	9.17	9.76	-3.31	56.5	122	786
378	0.577	0.591	0.467	0.583	0.0185	0.00325	0.33	0.392	0.187	6.06	21.5	-4.16	55	149	796
379	0.689	0.472	0.0138	0.744	0.291	0.261	0.373	0.313	0.357	3.16	16.1	1.29	57.5	82.7	767
380	0.317	0.407	0.61	0.0972	0.463	0.33	0.393	0.211	0.323	5.48	24.4	-12.1	52.1	175	649
381	0.321	0.297	0.217	0.63	0.537	0.0535	0.28	0.296	0.144	4.67	19.5	-7.08	40.2	68.9	416
382	0.643	0.15	0.299	0.0534	0.0795	0.115	0.341	0.261	0.322	3.28	19.4	-8.54	45.1	47.9	349
383	0.791	0.0282	0.428	0.116	0.628	0.503	0.255	0.364	0.399	6.09	29.7	4.4	47.3	84.7	393
384	0.0126	0.379	0.167	0.632	0.0613	0.555	0.367	0.234	0.12	4.54	23.2	-0.404	42.1	85.1	348
385	0.375	0.309	0.164	0.934	0.532	0.611	0.262	0.305	0.357	2.03	20.9	-3.12	43.5	65.5	455
386	0.643	0.539	0.13	0.215	0.65	0.255	0.217	0.378	0.3	7.49	3.3	1.16	48.3	65	681
387	0.461	0.664	0.759	0.871	0.899	0.403	0.266	0.224	0.393	2.49	22.6	-14.9	54.7	195	909
388	0.135	0.687	0.494	0.409	0.943	0.998	0.232	0.255	0.203	8.38	31.6	-3.48	42.5	229	623
389	0.362	0.104	0.573	0.477	0.233	0.46	0.391	0.302	0.284	7.4	17.3	-4.91	48.6	76.7	365
390	0.493	0.64	0.369	0.814	0.566	0.743	0.379	0.353	0.157	2.37	0.133	-4.66	60.5	20.1	1.05e+03
391	0.778	0.181	0.558	0.722	0.475	0.554	0.213	0.203	0.232	9.3	7.71	-0.473	40.9	67.6	463
392	0.0405	0.215	0.286	0.0709	0.137	0.0155	0.366	0.269	0.286	6.57	9.19	-1.71	46.2	35.4	262
393	0.647	0.42	0.636	0.493	0.266	0.628	0.312	0.211	0.374	4.49	25.1	-11.7	50.2	178	694
394	0.181	0.287	0.596	0.946	0.626	0.548	0.285	0.323	0.157	8.29	0.682	-13	43.2	33.6	452
395	0.681	0.234	0.708	0.0548	0.816	0.51	0.306	0.346	0.108	8.59	13.7	-5.17	44.9	95.7	560
396	0.125	0.655	0.456	0.721	0.134	0.35	0.335	0.377	0.179	3.63	27.3	-9.86	54.1	170	656
397	0.0183	0.783	0.747	0.715	0.78	0.366	0.291	0.221	0.338	9.89	34.9	-4.15	58.5	388	877
398	0.112	0.757	0.404	0.727	0.0156	0.388	0.369	0.228	0.11	0.282	15.7	-2.25	57.6	97.9	728
399	0.0739	0.0482	0.385	0.281	0.976	0.765	0.306	0.324	0.296	8.87	18.2	-2.03	43.5	52.2	188
400	0.516	0.262	0.168	0.842	0.503	0.717	0.25	0.355	0.219	6.91	31.8	-14.8	40.7	96.9	470
401	0.39	0.43	0.0591	0.0992	0.953	0.52	0.201	0.29	0.171	7.27	19.8	-6.43	36.4	81.9	419
402	0.625	0.155	0.495	0.33	0.93	0.263	0.301	0.348	0.204	7.65	2.08	4.54	46.4	43.1	475
403	0.112	0.533	0.473	0.3	0.327	0.053	0.31	0.252	0.262	9.49	20	-4.47	48.6	153	575
404	0.687	0.191	0.0427	0.14	0.231	0.102	0.388	0.3	0.254	2.92	39.5	0.348	46.6	70.4	390
405	0.102	0.592	0.56	0.397	0.628	0.979	0.284	0.295	0.243	5.19	10	-8.91	50.5	95.8	730
406	0.506	0.644	0.0636	0.871	0.359	0.705	0.398	0.251	0.116	8.77	19.7	-12	55.8	195	884
407	0.683	0.44	0.141	0.824	0.373	0.811	0.364	0.344	0.189	8.94	33.8	-8	52.8	210	776
408	0.701	0.727	0.668	0.64	0.1	0.433	0.362	0.326	0.238	4.28	16.2	-8.42	68.6	158	1.06e+03
409	0.359	0.19	0.716	0.732	0.784	0.741	0.376	0.373	0.216	3.71	30.7	3.44	48.6	150	539
410	0.301	0.136	0.629	0.276	0.437	0.838	0.234	0.356	0.125	2.01	1.35	-13.3	39.1	2.48	301
411	0.41	0.704	0.212	0.521	0.195	0.158	0.395	0.244	0.183	3.47	29.1	-10.4	59.2	201	825
412	0.738	0.223	0.262	0.734	0.339	0.561	0.21	0.328	0.181	6.89	12.1	0.675	41.9	59	499
413	0.663	0.111	0.272	0.759	0.265	0.933	0.398	0.347	0.398	5.27	4.81	-3.56	55.7	37.3	523
414	0.361	0.799	0.0882	0.199	0.128	0.483	0.229	0.374	0.3	0.456	14.8	-11.1	49.8	52.2	603
415	0.711	0.107	0.377	0.95	0.697	0.969	0.355	0.22	0.182	2.33	0.0203	-9.96	45.9	6.67	398
416	0.462	0.265	0.259	0.766	0.553	0.566	0.327	0.335	0.247	4.53	5.53	-5.96	48.4	39.9	548
417	0.263	0.43	0.604	0.0801	0.606	0.574	0.256	0.387	0.304	4.8	26.1	-11.2	46.3	164	587
418	0.145	0.0844	0.375	0.44	0.0622	0.221	0.389	0.381	0.29	0.886	22.5	2.54	47.4	39.4	206
419	0.104	0.686	0.622	0.298	0.202	0.981	0.35	0.286	0.367	5.78	36.7	-9.94	58.4	293	711
420	0.48	0.0251	0.781	0.182	0.853	0.905	0.331	0.313	0.266	0.654	23.7	-0.376	47.4	83.6	351
421	0.188	0.257	0.181	0.673	0.966	0.681	0.227	0.397	0.226	7.73	23.1	0.698	38.4	81.6	335
422	0.0887	0.0812	0.274	0.847	0.299	0.452	0.235	0.281	0.224	9.08	6.82	2.66	37.9	18.9	144
423	0.029	0.0159	0.0579	0.418	0.395	0.0279	0.367	0.257	0.133	4.35	5.8	1.4	40.4	1.84	34.5
424	0.199	0.161	0.798	0.767	0.058	0.06	0.343	0.299	0.378	3.1	17.7	-8.72	51.6	79.4	383
425	0.327	0.59	0.0204	0.961	0.287	0.424	0.202	0.385	0.273	3.74	7.89	-13.2	42.1	34.3	489
426	0.0733	0.496	0.555	0.725	0.224	0.328	0.305	0.281	0.373	8.41	13	-6.08	52	110	572
427	0.618	0.0186	0.435	0.827	0.763	0.82	0.221	0.303	0.295	4.41	16.6	-1.79	42.1	50.5	387
428	0.609	0.167	0.573	0.269	0.322	0.993	0.332	0.278	0.385	8.01	10	-14.6	49.1	73.5	507
429	0.416	0.171	0.444	0.751	0.0988	0.423	0.245	0.265	0.353	8.99	33.3	-4.01	40.2	113	341
430	0.0543	0.389	0.436	0.372	0.147	0.748	0.263	0.395	0.339	1.44	19.4	-13.3	45.5	84.4	409
431	0.22	0.385	0.211	0.456	0.706	0.359	0.384	0.227	0.122	4.24	19.6	-4.56	45.3	113	587
432	0.556	0.529	0.374	0.731	0.916	0.0343	0.363	0.205	0.327	0.714	12	-3.77	55.8	81.6	882
433	0.382	0.791	0.0141	0.0198	0.56	0.674	0.339	0.315	0.212	1.67	23.6	-5.2	61.1	173	945
434	0.0221	0.544	0.598	0.266	0.431	0.808	0.391	0.29	0.365	1.51	5.2	1.77	64.4	53.7	807
435	0.166	0.341	0.206	0.977	0.187	0.0087	0.274	0.224	0.231	0.113	39.2	-14.7	37.7	90.7	299
436	0.339	0.542	0.15	0.174	0.853	0.804	0.294	0.351	0.167	4.74	15	-3.61	47.6	108	718
437	0.351	0.518	0.5	0.1	0.981	0.135	0.355	0.322	0.337	0.74	12.3	-3.39	56.4	80.6	780
438	0.371	0.399	0.253	0.231	0.236	0.707	0.296	0.388	0.201	4.13	28.3	-7.9	44.3	111	489
439	0.24	0.0872	0.363	0.362	0.51	0.218	0.323	0.218	0.222	1.76	1.88	1.27	41.6	4.98	206
440	0.284	0.232	0.679	0.538	0.882	0.849	0.304	0.228	0.33	4.57	11.5	-9.37	48.2	82.1	543
441	0.255	0.534	0.258	0.075	0.929	0.884	0.206	0.326	0.279	8.01	4.64	3.3	42.2	58.5	542
442	0.638	0.294	0.708	0.548	0.946	0.804	0.395	0.375	0.386	1.46	39.5	-0.694	57.5	249	788
443	0.545	0.769	0.443	0.809	0.941	0.246	0.398	0.33	0.335	3.76	28	0.352	69.9	308	1.29e+03
444	0.172	0.021	0.65	0.967	0.848	0.153	0.278	0.36	0.245	4.06	29.8	4.5	40.7	62.7	186
445	0.669	0.469	0.262	0.924	0.178	0.075	0.204	0.202	0.196	5.61	11	-8.87	38.3	55.7	471
446	0.408	0.334	0.216	0.327	0.649	0.654	0.35	0.391	0.194	7.41	13.8	-8.3	48.9	96.6	606
447	0.65	0.229	0.433	0.297	0.568	0.031	0.285	0.22	0.33	2.81	34.2	4.15	41.8	111	421
448	0.341	0.706	0.511	0.761	0.715	0.369	0.333	0.243	0.155	8.09	26.8	3.27	53.9	281	950
449	0.0831	0.372	0.704	0.145	0.0403	0.284	0.341	0.374	0.286	3.15	21.9	-0.892	52.7	120	469
450	0.201	0.645	0.147	0.162	0.226	0.306	0.301	0.291	0.283	7.16	6.93	-13.1	50.6	69.8	603
451	0.785	0.608	0.688	0.841	0.509	0.393	0.394	0.363	0.372	5.14	0.626	-4.61	77.5	63	1.29e+03
452	0.582	0.285	0.0909	0.884	0.173	0.0662	0.268	0.382	0.36	0.0693	3.16	-4.74	49.7	-4.85	511
453	0.208	0.748	0.0419	0.726	0.558	0.991	0.201	0.383	0.148	9.38	27.7	-7.47	41.5	174	602
454	0.734	0.619	0.617	0.491	0.28	0.46	0.249	0.223	0.162	7.36	33.2	-14.3	44.7	203	675
455	0.0805	0.33	0.707	0.576	0.214	0.84	0.292	0.313	0.296	7	5.95	-5.85	50.7	54.1	502
456	0.154	0.428	0.418	0.00606	0.947	0.855	0.352	0.218	0.176	9.47	29.1	-14.5	44.2	198	575
457	0.586	0.236	0.0509	0.0821	0.107	0.153	0.369	0.355	0.19	6.19	0.463	2.6	48.3	29.4	418
458	0.472	0.22	0.276	0.275	0.0829	0.143	0.375	0.385	0.127	2.36	1.23	-9.58	48.3	6.33	403
459	0.676	0.0261	0.291	0.0608	0.862	0.999	0.211	0.345	0.191	2.21	8.34	-2.3	40.6	9.07	277
460	0.103	0.598	0.116	0.6	0.222	0.379	0.287	0.235	0.32	7.37	8.63	-11.4	46.9	67.4	510
461	0.507	0.63	0.584	0.343	0.307	0.657	0.313	0.325	0.168	0.041	19.2	-9.63	54.3	112	811
462	0.644	0.425	0.599	0.83	0.529	0.0828	0.365	0.346	0.196	2.11	0.24	2.07	54.9	14.4	851
463	0.407	0.268	0.224	0.455	0.401	0.958	0.286	0.241	0.15	3.6	28.2	-14.1	38.2	79.1	376
464	0.612	0.207	0.433	0.553	0.308	0.583	0.275	0.387	0.255	1.38	36.7	-3.64	44.3	91	496
465	0.315	0.209	0.437	0.217	0.488	0.814	0.205	0.244	0.334	6.52	31.2	1.56	38	119	317
466	0.215	0.0328	0.558	0.804	0.0658	0.523	0.334	0.362	0.287	0.187	16	-14.3	46.3	36.9	267
467	0.353	0.715	0.195	0.469	0.0936	0.061	0.219	0.33	0.101	2.63	21.4	-4.25	43.2	86.1	538
468	0.0548	0.165	0.416	0.284	0.611	0.782	0.397	0.255	0.352	3.58	2.86	0.943	51.4	18.9	360
469	0.00772	0.673	0.265	0.243	0.0925	0.641	0.225	0.318	0.342	8.47	8.77	-9.75	45.7	69.5	476
470	0.121	0.728	0.595	0.799	0.425	0.585	0.302	0.264	0.302	0.584	13.8	-8.8	58.9	111	839
471	0.756	0.511	0.645	0.169	0.987	0.997	0.236	0.277	0.168	2.69	17.2	-13.5	43.5	92.3	684
472	0.158	0.188	0.55	0.43	0.704	0.592	0.289	0.387	0.318	9.81	36.3	-6.76	43.8	165	358
473	0.367	0.0454	0.466	0.6	0.372	0.687	0.304	0.244	0.265	7.86	21.6	0.266	41.2	67.4	267
474	0.201	0.743	0.394	0.11	0.384	0.713	0.386	0.386	0.161	5.77	2.21	-13.9	65.7	60.8	947
475	0.358	0.201	0.775	0.923	0.655	0.389	0.361	0.373	0.348	7.42	19.9	-4.53	55	144	603
476	0.771	0.137	0.237	0.925	0.632	0.983	0.369	0.23	0.302	7.24	18.6	-9.15	46.2	80.3	471
477	0.477	0.0145	0.379	0.0233	0.435	0.494	0.297	0.314	0.13	6.61	30.6	4.04	38.4	37	192
478	0.203	0.0891	0.79	0.78	0.419	0.961	0.203	0.29	0.287	9.53	19.2	3.35	41.4	97.2	327
479	0.558	0.115	0.0924	0.487	0.0213	0.325	0.294	0.255	0.331	1.6	24.3	-1.31	41.9	25.4	283
480	0.0511	0.721	0.231	0.652	0.511	0.931	0.378	0.373	0.299	8.63	25	-4.84	63.9	260	881
481	0.674	0.124	0.75	0.419	0.271	0.435	0.253	0.208	0.378	2.45	2.58	3.87	50.8	19.7	461
482	0.333	0.0442	0.215	0.653	0.728	0.394	0.31	0.203	0.211	1.75	11.4	3.31	39.4	13.9	173
483	0.138	0.674	0.111	0.462	0.838	0.25	0.293	0.341	0.386	6.3	39.4	-10.6	50.9	258	711
484	0.0328	0.551	0.671	0.164	0.523	0.331	0.26	0.303	0.249	3.34	32.9	-7.46	46.2	198	533
485	0.19	0.764	0.0873	0.678	0.308	0.689	0.264	0.242	0.221	5.17	33	-10.1	47.6	183	611
486	0.398	0.184	0.606	0.536	0.768	0.778	0.258	0.294	0.115	8.61	3.43	-13.9	39.4	41.9	404
487	0.14	0.176	0.446	0.38	0.873	0.362	0.225	0.343	0.252	1.3	31.7	-0.913	38.2	79.9	257
488	0.0485	0.555	0.61	0.051	0.347	0.794	0.307	0.293	0.288	6.67	9.81	0.045	54.4	102	679
489	0.248	0.361	0.128	0.349	0.165	0.859	0.259	0.337	0.174	8.45	38.3	-9.78	38.9	118	343
490	0.503	0.228	0.308	0.219	0.239	0.961	0.276	0.291	0.156	6.31	21.4	-7.24	39.8	69.9	369
491	0.598	0.499	0.252	0.458	0.733	0.442	0.321	0.366	0.219	2.2	32.6	-13.1	51	169	816
492	0.742	0.794	0.653	0.447	0.8	0.125	0.301	0.236	0.149	1.17	1.16	-4.85	60.1	17.4	1.14e+03
493	0.0797	0.429	0.734	0.993	0.915	0.678	0.394	0.207	0.324	3.33	5.13	-9.32	59.2	60.1	794
494	0.449	0.332	0.703	0.295	0.543	0.773	0.234	0.301	0.38	9.1	6.13	-7.84	50.4	80.7	648
495	0.432	0.651	0.734	0.393	0.329	0.84	0.381	0.236	0.304	3.61	5.27	-1.1	66.7	79	1.01e+03
496	0.195	0.228	0.309	0.683	0.381	0.237	0.23	0.268	0.12	4.7	35	2.14	34.3	70.4	245
497	0.134	0.448	0.776	0.813	0.487	0.212	0.287	0.36	0.249	5.86	18.1	-12.5	49.8	127	599
498	0.746	0.596	0.158	0.74	0.409	0.736	0.22	0.363	0.316	3.65	35.8	4.87	48.9	154	771
499	0.295	0.245	0.0572	0.981	0.882	0.0788	0.232	0.311	0.317	8.8	38.8	-11.4	37.1	90.9	309
500	0.49	0.717	0.693	0.836	0.0349	0.754	0.378	0.303	0.225	3.54	7.86	-2.54	67.4	92.9	999
501	0.243	0.629	0.125	0.826	0.0145	0.023	0.277	0.269	0.114	6.76	0.639	-5.03	45.6	38.4	537
502	0.294	0.0719	0.54	0.074	0.44	0.368	0.324	0.393	0.224	7.56	8.86	-10.8	45.8	36.1	284
503	0.689	0.272	0.288	0.105	0.598	0.711	0.281	0.276	0.293	3.83	17.7	-7.19	44.9	76.4	515
504	0.134	0.251	0.663	0.0332	0.536	0.0964	0.284	0.227	0.389	2.71	31.1	3.22	45.4	141	362
505	0.795	0.795	0.245	0.402	0.944	0.334	0.293	0.312	0.135	8.72	10.8	-12.5	56.3	162	1.06e+03
506	0.763	0.303	0.565	0.109	0.392	0.376	0.375	0.207	0.256	2.86	33.9	-12.7	46.8	156	552
507	0.0819	0.569	0.754	0.755	0.0704	0.287	0.25	0.343	0.324	3.21	32.6	-9.81	48.6	181	489
508	0.788	0.345	0.101	0.407	0.376	0.824	0.302	0.291	0.355	2.22	20.8	-10.6	47.8	64.5	585
509	0.261	0.401	0.131	0.312	0.295	0.605	0.392	0.395	0.178	7.53	25.5	-2.07	49	136	542
510	0.0412	0.702	0.468	0.919	0.0324	0.593	0.335	0.242	0.11	0.434	22.2	3.11	50.7	125	606
511	0.268	0.614	0.275	0.12	0.691	0.214	0.241	0.3	0.375	1.35	31.1	-2.57	46.1	164	623
512	0.508	0.749	0.269	0.959	0.407	0.0561	0.36	0.358	0.392	8.14	33.9	3.46	64.7	321	999
513	0.774	0.362	0.386	0.141	0.962	0.212	0.332	0.218	0.148	6.59	4.08	-11.1	45.3	55.4	609
514	0.174	0.113	0.0903	0.637	0.823	0.671	0.371	0.24	0.23	7.44	8.7	-14.6	42.5	29	231
515	0.694	0.342	0.609	0.55	0.563	0.162	0.275	0.349	0.353	3.74	9	-10.6	52.4	62	737
516	0.106	0.665	0.023	0.67	0.12	0.894	0.252	0.283	0.157	0.687	33.1	3.81	42.5	118	449
517	0.632	0.771	0.0217	0.901	0.0308	0.927	0.296	0.31	0.183	3.44	24.1	-10.2	55.8	129	808
518	0.488	0.651	0.185	0.505	0.49	0.386	0.389	0.27	0.126	0.728	32.5	-6.05	56.4	206	891
519	0.496	0.289	0.137	0.144	0.578	0.564	0.263	0.282	0.391	4.15	30.9	-10.2	42.4	89.8	411
520	0.0192	0.557	0.194	0.273	0.68	0.768	0.221	0.358	0.297	3.84	29.3	-13	41.3	130	453
521	0.246	0.762	0.00907	0.506	0.22	0.456	0.321	0.385	0.351	2.31	11.3	-4.28	60.3	70.1	756
522	0.132	0.725	0.0153	0.478	0.139	0.62	0.348	0.359	0.169	1.9	34.2	-4.49	56.3	183	652
523	0.0254	0.775	0.0861	0.0953	0.305	0.256	0.352	0.31	0.271	6.49	34.7	-6.57	59.5	258	727
524	0.444	0.294	0.779	0.905	0.931	0.0851	0.275	0.364	0.242	5.92	12.8	-12	47.3	86.5	619
525	0.486	0.423	0.759	0.614	0.0551	0.706	0.258	0.366	0.205	3.49	1.42	0.176	50.5	22.9	649
526	0.706	0.55	0.336	0.211	0.302	0.86	0.221	0.294	0.268	0.694	3.17	1.21	48.3	12.8	641
527	0.116	0.283	0.0609	0.561	0.804	0.00696	0.39	0.239	0.108	7.85	32.6	-12.6	41.9	140	422
528	0.524	0.553	0.677	0.691	0.588	0.361	0.303	0.278	0.192	3.36	36.6	-4.65	49.6	234	786
529	0.118	0.521	0.447	0.522	0.608	0.62	0.355	0.296	0.188	7.31	6.06	2.34	51.9	85.5	736
530	0.141	0.215	0.435	0.855	0.208	0.357	0.349	0.316	0.32	3.53	16.7	-0.924	48.6	65.6	354
531	0.34	0.397	0.0507	0.987	0.572	0.354	0.385	0.263	0.309	9.55	24	-12.4	48.6	154	598
532	0.334	0.456	0.53	0.398	0.345	0.152	0.364	0.348	0.204	0.756	38.6	-13.9	49.2	177	609
533	0.588	0.138	0.559	0.197	0.6	0.262	0.217	0.256	0.397	0.578	4.28	-14.2	43.9	10.1	403
534	0.251	0.0528	0.0832	0.438	0.284	0.934	0.387	0.244	0.257	2.27	20.6	4.87	42.5	17.7	146
535	0.715	0.217	0.667	0.913	0.907	0.0617	0.226	0.241	0.151	0.894	35.5	-12.4	37.2	78.7	452
536	0.697	0.247	0.00102	0.584	0.992	0.818	0.291	0.258	0.238	1.91	7.15	0.39	44.4	18.6	464
537	0.376	0.27	0.29	0.811	0.957	0.132	0.356	0.312	0.145	6.34	26.5	-10.4	44	113	503
538	0.257	0.746	0.0388	0.833	0.694	0.198	0.279	0.332	0.212	8.35	26.4	-7.57	50.8	224	829
539	0.618	0.458	0.028	0.183	0.836	0.295	0.292	0.21	0.299	9.14	35.2	-1.37	43.7	198	601
540	0.604	0.305	0.575	0.646	0.452	0.744	0.286	0.274	0.359	9.18	35.1	-12.7	45.7	212	596
541	0.492	0.291	0.422	0.402	0.648	0.787	0.244	0.35	0.261	9.75	14.6	-4.82	43.8	108	553
542	0.611	0.618	0.477	0.578	0.867	0.939	0.378	0.361	0.18	4.65	12.7	4.52	61.7	152	1.16e+03
543	0.178	0.581	0.304	0.489	0.734	0.815	0.252	0.335	0.31	3.84	16.3	-7.93	47.7	115	681
544	0.51	0.0496	0.559	0.132	0.103	0.224	0.298	0.256	0.143	4.56	30.6	-14.9	38	52.4	234
545	0.0253	0.637	0.232	0.216	0.0292	0.6	0.2	0.214	0.172	3.78	29.8	3.97	37	111	347
546	0.748	0.203	0.465	0.656	0.918	0.738	0.327	0.269	0.282	2.48	32.1	4.59	46.6	125	578
547	0.244	0.566	0.529	0.381	0.728	0.404	0.303	0.215	0.325	6.43	29.5	-8.82	49.7	240	735
548	0.641	0.0913	0.193	0.242	0.0488	0.648	0.345	0.25	0.314	2.73	28.3	-12.2	42.7	47.1	297
549	0.365	0.257	0.162	0.795	0.342	0.666	0.35	0.215	0.341	7.54	38.1	-14.5	42.3	130	393
550	0.0906	0.457	0.293	0.139	0.748	0.891	0.311	0.264	0.214	4.32	19.3	-13.7	45.4	119	585
551	0.509	0.119	0.186	0.55	0.55	0.828	0.307	0.205	0.143	5.49	33.3	-1.59	36.7	62	277
552	0.379	0.454	0.38	0.048	0.434	0.943	0.33	0.249	0.205	7.09	8.82	-4.67	47.6	83.9	623
553	0.156	0.065	0.497	0.888	0.319	0.861	0.299	0.377	0.129	1.37	37.1	4.07	38.3	49.8	180
554	0.0262	0.52	0.0666	0.259	0.76	0.669	0.214	0.396	0.282	0.207	17.1	0.13	43	60.1	446
555	0.038	0.718	0.191	0.112	0.317	0.319	0.304	0.38	0.279	4.17	12.5	3.39	55.5	95.4	669
556	0.185	0.503	0.602	0.382	0.064	0.708	0.343	0.308	0.359	7.95	11.1	-9.65	56.4	113	676
557	0.448	0.255	0.584	0.939	0.105	0.911	0.32	0.249	0.223	5.68	17	-8.58	44.4	88.3	474
558	0.708	0.599	0.762	0.258	0.0201	0.383	0.244	0.202	0.113	9.01	37.1	-8.1	42.1	197	547
559	0.306	0.178	0.166	0.0553	0.174	0.188	0.278	0.306	0.125	5.35	14.9	3.12	37.6	32.1	234
560	0.366	0.641	0.0375	0.914	0.757	0.444	0.221	0.259	0.334	7.32	12.6	2.18	45.2	106	665
561	0.471	0.769	0.607	0.652	0.857	0.332	0.324	0.232	0.394	8.92	9.16	-6.94	65.3	180	1.15e+03
562	0.245	0.191	0.737	0.773	0.794	0.772	0.345	0.344	0.159	7.08	27.7	-13.7	44.7	138	464
